9.090000152587890625e+01 0.000000000000000000e+00
9.350000000000000000e+01 0.000000000000000000e+00
9.609999847412109375e+01 0.000000000000000000e+00
9.769999694824218750e+01 0.000000000000000000e+00
9.959999847412109375e+01 0.000000000000000000e+00
1.020000000000000000e+02 0.000000000000000000e+00
1.038000030517578125e+02 0.000000000000000000e+00
1.055999984741210938e+02 0.000000000000000000e+00
1.076999969482421875e+02 0.000000000000000000e+00
1.104000015258789062e+02 0.000000000000000000e+00
1.140000000000000000e+02 0.000000000000000000e+00
1.178000030517578125e+02 0.000000000000000000e+00
1.213000030517578125e+02 0.000000000000000000e+00
1.248000030517578125e+02 0.000000000000000000e+00
1.270999984741210938e+02 0.000000000000000000e+00
1.283999938964843750e+02 0.000000000000000000e+00
1.305000000000000000e+02 0.000000000000000000e+00
1.323999938964843750e+02 0.000000000000000000e+00
1.338999938964843750e+02 0.000000000000000000e+00
1.366000061035156250e+02 0.000000000000000000e+00
1.398000030517578125e+02 0.000000000000000000e+00
1.433000030517578125e+02 0.000000000000000000e+00
1.471999969482421875e+02 0.000000000000000000e+00
1.510000000000000000e+02 0.000000000000000000e+00
1.551999969482421875e+02 0.000000000000000000e+00
1.588000030517578125e+02 0.000000000000000000e+00
1.620000000000000000e+02 0.000000000000000000e+00
1.660000000000000000e+02 0.000000000000000000e+00
1.703000030517578125e+02 0.000000000000000000e+00
1.733999938964843750e+02 0.000000000000000000e+00
1.768000030517578125e+02 0.000000000000000000e+00
1.801999969482421875e+02 0.000000000000000000e+00
1.816999969482421875e+02 0.000000000000000000e+00
1.861000061035156250e+02 0.000000000000000000e+00
1.910000000000000000e+02 0.000000000000000000e+00
1.938999938964843750e+02 0.000000000000000000e+00
1.983999938964843750e+02 0.000000000000000000e+00
2.018000030517578125e+02 0.000000000000000000e+00
2.050000000000000000e+02 0.000000000000000000e+00
2.105000000000000000e+02 0.000000000000000000e+00
2.161999969482421875e+02 0.000000000000000000e+00
2.198000030517578125e+02 0.000000000000000000e+00
2.230000000000000000e+02 0.000000000000000000e+00
2.268000030517578125e+02 0.000000000000000000e+00
2.300000000000000000e+02 0.000000000000000000e+00
2.340000000000000000e+02 0.000000000000000000e+00
2.400000000000000000e+02 0.000000000000000000e+00
2.465000000000000000e+02 0.000000000000000000e+00
2.523999938964843750e+02 0.000000000000000000e+00
2.567999877929687500e+02 0.000000000000000000e+00
2.600000000000000000e+02 0.000000000000000000e+00
2.640000000000000000e+02 0.000000000000000000e+00
2.685000000000000000e+02 0.000000000000000000e+00
2.735000000000000000e+02 0.000000000000000000e+00
2.785000000000000000e+02 4.629318169037041630e-13
2.840000000000000000e+02 2.363944706217785408e-12
2.900000000000000000e+02 1.140300701085728008e-11
2.960000000000000000e+02 5.058040097871696616e-11
3.010000000000000000e+02 1.681158129374082932e-10
3.080000000000000000e+02 8.486538694008061157e-10
3.180000000000000000e+02 7.628697007433515864e-09
3.280000000000000000e+02 6.057272727844065230e-08
3.380000000000000000e+02 4.278416980696420069e-07
3.480000000000000000e+02 2.724108298934879713e-06
3.570000000000000000e+02 1.333660929958568886e-05
3.660000000000000000e+02 6.032183046045247465e-05
3.750000000000000000e+02 2.538938351790420711e-04
3.850000000000000000e+02 1.165668363682925701e-03
3.950000000000000000e+02 4.958167904987931252e-03
4.050000000000000000e+02 1.972516952082514763e-02
4.140000000000000000e+02 6.468995101749897003e-02
4.220000000000000000e+02 1.783290244638919830e-01
4.300000000000000000e+02 4.723217934370040894e-01
4.410000000000000000e+02 1.717171490192413330e+00
4.510000000000000000e+02 5.246760845184326172e+00
4.600000000000000000e+02 1.376421356201171875e+01
4.700000000000000000e+02 3.849463272094726562e+01
4.800000000000000000e+02 1.032497253417968750e+02
4.900000000000000000e+02 2.662029037475585938e+02
5.000000000000000000e+02 6.599597473144531250e+02
5.060000000000000000e+02 1.716439575195312500e+03
5.120000000000000000e+02 3.272031250000000000e+03
5.200000000000000000e+02 6.231409912109375000e+03
5.300000000000000000e+02 1.363896582031250000e+04
5.400000000000000000e+02 2.865161816406250000e+04
5.500000000000000000e+02 5.962416796875000000e+04
5.600000000000000000e+02 1.199505820312500000e+05
5.700000000000000000e+02 2.353760781250000000e+05
5.800000000000000000e+02 4.465727812500000000e+05
5.900000000000000000e+02 8.454305625000000000e+05
6.000000000000000000e+02 1.552189125000000000e+06
6.100000000000000000e+02 2.799296687500000000e+06
6.200000000000000000e+02 4.943808625000000000e+06
6.300000000000000000e+02 8.575550250000000000e+06
6.400000000000000000e+02 1.460429050000000000e+07
6.500000000000000000e+02 2.453920300000000000e+07
6.580000000000000000e+02 3.669458800000000000e+07
6.650000000000000000e+02 5.173749600000000000e+07
6.750000000000000000e+02 8.352191200000000000e+07
6.850000000000000000e+02 1.329837840000000000e+08
6.950000000000000000e+02 2.089914240000000000e+08
7.050000000000000000e+02 3.234897680000000000e+08
7.160000000000000000e+02 5.166845440000000000e+08
7.260000000000000000e+02 7.808260160000000000e+08
7.350000000000000000e+02 1.120545984000000000e+09
7.450000000000000000e+02 1.656526656000000000e+09
7.550000000000000000e+02 2.423886016000000000e+09
7.650000000000000000e+02 3.509052928000000000e+09
7.750000000000000000e+02 5.033344768000000000e+09
7.850000000000000000e+02 7.150608896000000000e+09
7.950000000000000000e+02 1.003912755200000000e+10
8.050000000000000000e+02 1.402125004800000000e+10
8.150000000000000000e+02 1.941409382400000000e+10
8.250000000000000000e+02 2.663568179200000000e+10
8.350000000000000000e+02 3.620182528000000000e+10
8.450000000000000000e+02 4.898825420800000000e+10
8.550000000000000000e+02 6.568034304000000000e+10
8.650000000000000000e+02 8.745863372800000000e+10
8.750000000000000000e+02 1.155590307840000000e+11
8.850000000000000000e+02 1.519413903360000000e+11
8.950000000000000000e+02 1.983072174080000000e+11
9.050000000000000000e+02 2.567185530880000000e+11
9.150000000000000000e+02 1.353279969689600000e+13
9.250000000000000000e+02 9.997433962496000000e+13
9.350000000000000000e+02 1.517709867089920000e+14
9.450000000000000000e+02 2.345511336017920000e+14
9.550000000000000000e+02 3.571241986293760000e+14
9.650000000000000000e+02 4.669586590924800000e+14
9.750000000000000000e+02 4.260780195184640000e+14
9.850000000000000000e+02 6.379120309043200000e+14
9.950000000000000000e+02 6.872139269406720000e+14
1.005000000000000000e+03 8.739747413360640000e+14
1.015000000000000000e+03 1.019095445143552000e+15
1.025000000000000000e+03 8.619560135557120000e+14
1.035000000000000000e+03 1.328082203967488000e+15
1.045000000000000000e+03 1.644710615580672000e+15
1.055000000000000000e+03 1.927587160915968000e+15
1.065000000000000000e+03 2.079352716001280000e+15
1.075000000000000000e+03 2.488780875366400000e+15
1.085000000000000000e+03 2.855213325090816000e+15
1.095000000000000000e+03 3.045242408271872000e+15
1.105000000000000000e+03 1.001544282747699200e+16
1.115000000000000000e+03 1.846092650239754240e+17
1.125000000000000000e+03 2.757729523586826240e+17
1.135000000000000000e+03 4.148652620812124160e+17
1.145000000000000000e+03 3.778845972302397440e+17
1.155000000000000000e+03 4.698237752699781120e+17
1.165000000000000000e+03 4.974379926217031680e+17
1.175000000000000000e+03 3.834084405689712640e+17
1.185000000000000000e+03 3.209039103593021440e+17
1.195000000000000000e+03 9.712269139116032000e+15
1.205000000000000000e+03 9.863302737821696000e+15
1.215000000000000000e+03 2.015637211709440000e+15
1.225000000000000000e+03 1.011025906237440000e+16
1.235000000000000000e+03 3.359673528038195200e+16
1.245000000000000000e+03 4.470815798402744320e+17
1.255000000000000000e+03 1.931318631187087360e+18
1.265000000000000000e+03 1.413384882830180352e+18
1.275000000000000000e+03 3.634403799776362496e+18
1.285000000000000000e+03 5.284291640876335104e+18
1.295000000000000000e+03 4.281388327396966400e+18
1.305000000000000000e+03 1.722495053512835072e+18
1.315000000000000000e+03 4.889335244429197312e+18
1.325000000000000000e+03 6.263199487469027328e+18
1.335000000000000000e+03 4.934127973755256832e+18
1.345000000000000000e+03 7.488454013776560128e+18
1.355000000000000000e+03 7.221151467070029824e+18
1.365000000000000000e+03 5.985019472228909056e+18
1.375000000000000000e+03 6.940809537091796992e+18
1.385000000000000000e+03 7.004186761706340352e+18
1.395000000000000000e+03 7.349701418787274752e+18
1.405000000000000000e+03 7.552330416670113792e+18
1.415000000000000000e+03 6.987083583458377728e+18
1.425000000000000000e+03 8.102440823058071552e+18
1.435000000000000000e+03 7.275827156662353920e+18
1.442000000000000000e+03 8.347912016639295488e+18
1.447000000000000000e+03 9.320164519349059584e+18
1.455000000000000000e+03 9.217878052128686080e+18
1.465000000000000000e+03 8.352001925016715264e+18
1.475000000000000000e+03 7.933801028124672000e+18
1.485000000000000000e+03 8.929505014343270400e+18
1.495000000000000000e+03 9.787376971682938880e+18
1.505000000000000000e+03 9.890725017379930112e+18
1.512000000000000000e+03 8.517196125386571776e+18
1.517000000000000000e+03 9.690851945392111616e+18
1.525000000000000000e+03 8.797701607719436288e+18
1.535000000000000000e+03 8.159941707777966080e+18
1.545000000000000000e+03 1.035581788617336422e+19
1.555000000000000000e+03 8.747676027678883840e+18
1.565000000000000000e+03 7.948748338948472832e+18
1.575000000000000000e+03 8.852257725422239744e+18
1.585000000000000000e+03 1.014918446694216499e+19
1.595000000000000000e+03 1.100409928775892992e+19
1.605000000000000000e+03 1.012777697554936627e+19
1.615000000000000000e+03 1.014616410850066432e+19
1.625000000000000000e+03 9.108740802833547264e+18
1.635000000000000000e+03 9.679208667009777664e+18
1.645000000000000000e+03 1.026424945830055117e+19
1.655000000000000000e+03 8.739533594319388672e+18
1.665000000000000000e+03 1.013759396511796429e+19
1.672000000000000000e+03 6.053839554278850560e+18
1.677000000000000000e+03 9.754786897279844352e+18
1.685000000000000000e+03 1.120938635500191744e+19
1.695000000000000000e+03 1.049943884377253478e+19
1.705000000000000000e+03 9.651583987117719552e+18
1.715000000000000000e+03 9.354224640798490624e+18
1.725000000000000000e+03 9.300222127200272384e+18
1.735000000000000000e+03 1.019260253185559757e+19
1.745000000000000000e+03 1.008005487236900454e+19
1.755000000000000000e+03 1.157345939397017600e+19
1.765000000000000000e+03 9.498109206310420480e+18
1.775000000000000000e+03 1.071799096904882586e+19
1.785000000000000000e+03 1.067054539304284979e+19
1.795000000000000000e+03 1.233422523312373760e+19
1.805000000000000000e+03 1.167148415412128973e+19
1.815000000000000000e+03 1.158995756594495488e+19
1.825000000000000000e+03 1.112555793923283354e+19
1.835000000000000000e+03 1.066922378006626304e+19
1.845000000000000000e+03 9.780014641823350784e+18
1.855000000000000000e+03 1.034194919625641165e+19
1.865000000000000000e+03 1.049627994686593434e+19
1.875000000000000000e+03 1.136901455263406490e+19
1.885000000000000000e+03 1.103110714162780570e+19
1.895000000000000000e+03 1.097992322608739123e+19
1.905000000000000000e+03 1.052001565413054874e+19
1.915000000000000000e+03 1.104760586335839846e+19
1.925000000000000000e+03 1.128941430882959360e+19
1.935000000000000000e+03 1.116298531504232858e+19
1.945000000000000000e+03 1.169065084081668096e+19
1.955000000000000000e+03 1.149487839744465306e+19
1.967000000000000000e+03 1.233283325140297318e+19
1.976000000000000000e+03 1.243899769613451264e+19
1.984000000000000000e+03 1.187512690172493824e+19
1.995000000000000000e+03 1.144384621450887168e+19
2.005000000000000000e+03 1.154158180310188032e+19
2.015000000000000000e+03 1.076737443429875712e+19
2.025000000000000000e+03 1.123875980813795328e+19
2.035000000000000000e+03 1.126352685730942157e+19
2.045000000000000000e+03 1.190051957301261107e+19
2.055000000000000000e+03 1.116215463400754381e+19
2.065000000000000000e+03 1.103975260155700838e+19
2.074000000000000000e+03 1.199097529511811482e+19
2.078000000000000000e+03 1.219193358508254822e+19
2.085000000000000000e+03 1.205982066593549517e+19
2.095000000000000000e+03 1.156925541126137446e+19
2.105000000000000000e+03 1.124829917102053786e+19
2.115000000000000000e+03 1.125382421695011226e+19
2.125000000000000000e+03 1.154772312529882317e+19
2.135000000000000000e+03 9.630949452399247360e+18
2.145000000000000000e+03 1.087895287428546560e+19
2.155000000000000000e+03 1.133648275234724250e+19
2.165000000000000000e+03 1.074007356058107904e+19
2.175000000000000000e+03 1.054770795398771507e+19
2.185000000000000000e+03 1.049390994955226317e+19
2.195000000000000000e+03 1.130933690976908083e+19
2.205000000000000000e+03 1.079142954969124045e+19
2.215000000000000000e+03 9.777184498893455360e+18
2.225000000000000000e+03 9.429861420062736384e+18
2.235000000000000000e+03 1.071098048291012608e+19
2.245000000000000000e+03 9.586953044369604608e+18
2.255000000000000000e+03 9.288537067376082944e+18
2.265000000000000000e+03 9.650695581722476544e+18
2.275000000000000000e+03 1.028539196739105587e+19
2.285000000000000000e+03 1.068891328454066176e+19
2.295000000000000000e+03 1.010720456323786342e+19
2.305000000000000000e+03 9.707413889041301504e+18
2.315000000000000000e+03 9.223361316616404992e+18
2.325000000000000000e+03 9.198830662444908544e+18
2.335000000000000000e+03 8.416761235747373056e+18
2.345000000000000000e+03 7.791739727769501696e+18
2.355000000000000000e+03 9.255286186484695040e+18
2.365000000000000000e+03 7.845693313100283904e+18
2.375000000000000000e+03 8.558554255265366016e+18
2.385000000000000000e+03 7.301529890229059584e+18
2.395000000000000000e+03 8.361766687782993920e+18
2.405000000000000000e+03 7.849452268477743104e+18
2.415000000000000000e+03 8.286923481036095488e+18
2.425000000000000000e+03 9.123880803070115840e+18
2.435000000000000000e+03 8.721448827065729024e+18
2.445000000000000000e+03 9.483447768509841408e+18
2.455000000000000000e+03 9.102663527188922368e+18
2.465000000000000000e+03 9.091967478073917440e+18
2.475000000000000000e+03 8.742616624923672576e+18
2.485000000000000000e+03 9.391533544230092800e+18
2.495000000000000000e+03 9.043737675399430144e+18
2.505000000000000000e+03 1.018274870864746906e+19
2.513000000000000000e+03 8.906575523979722752e+18
2.518000000000000000e+03 9.257666079403016192e+18
2.525000000000000000e+03 8.495962631708868608e+18
2.535000000000000000e+03 8.490687999552520192e+18
2.545000000000000000e+03 8.486387809576288256e+18
2.555000000000000000e+03 9.162185864036483072e+18
2.565000000000000000e+03 9.012109123914825728e+18
2.575000000000000000e+03 9.832777456061251584e+18
2.585000000000000000e+03 9.720663553911816192e+18
2.595000000000000000e+03 9.427113740504924160e+18
2.605000000000000000e+03 8.977582259779403776e+18
2.615000000000000000e+03 8.929111664058433536e+18
2.625000000000000000e+03 9.674187197405724672e+18
2.635000000000000000e+03 9.783333517671792640e+18
2.645000000000000000e+03 1.114863119074171290e+19
2.655000000000000000e+03 1.097025302132110131e+19
2.665000000000000000e+03 9.879290646206873600e+18
2.675000000000000000e+03 1.048529912423933542e+19
2.685000000000000000e+03 1.025281838566237798e+19
2.695000000000000000e+03 9.964724898708324352e+18
2.705000000000000000e+03 1.034893384387185869e+19
2.715000000000000000e+03 9.802229174750937088e+18
2.725000000000000000e+03 9.991285801100509184e+18
2.735000000000000000e+03 1.088776491022627635e+19
2.745000000000000000e+03 8.935654857755328512e+18
2.755000000000000000e+03 9.072916514977349632e+18
2.765000000000000000e+03 9.418331391378063360e+18
2.775000000000000000e+03 1.035132528166227149e+19
2.785000000000000000e+03 1.016641491366104269e+19
2.795000000000000000e+03 7.490910597630918656e+18
2.805000000000000000e+03 8.613456719130918912e+18
2.815000000000000000e+03 1.067270813241468518e+19
2.825000000000000000e+03 1.099931036486415155e+19
2.835000000000000000e+03 1.044170018966313370e+19
2.845000000000000000e+03 1.008038527561315123e+19
2.855000000000000000e+03 9.801068090472005632e+18
2.865000000000000000e+03 1.058752951636669235e+19
2.875000000000000000e+03 1.022720526229333606e+19
2.885000000000000000e+03 1.048280378260009779e+19
2.895000000000000000e+03 9.979192272706600960e+18
2.910000000000000000e+03 1.127020254215746355e+19
2.930000000000000000e+03 1.083510984812789760e+19
2.950000000000000000e+03 1.087417109821626778e+19
2.970000000000000000e+03 1.113702474599890944e+19
2.990000000000000000e+03 1.126997054520400282e+19
3.010000000000000000e+03 1.157036811702868378e+19
3.030000000000000000e+03 1.144285665404387328e+19
3.050000000000000000e+03 1.133260697385933210e+19
3.070000000000000000e+03 1.124542009982320640e+19
3.090000000000000000e+03 1.149678550036303053e+19
3.110000000000000000e+03 1.120172220920050483e+19
3.130000000000000000e+03 1.117291720357602918e+19
3.150000000000000000e+03 1.141081028814071398e+19
3.170000000000000000e+03 1.135958624042588570e+19
3.190000000000000000e+03 1.098723772719117107e+19
3.210000000000000000e+03 1.127992772250514227e+19
3.230000000000000000e+03 1.109899318854995149e+19
3.250000000000000000e+03 1.123152337235974554e+19
3.270000000000000000e+03 1.126936416454128435e+19
3.290000000000000000e+03 1.139874039924680294e+19
3.310000000000000000e+03 1.148053087021380403e+19
3.330000000000000000e+03 1.127079133063413760e+19
3.350000000000000000e+03 1.114876423164867379e+19
3.370000000000000000e+03 1.119157316712031846e+19
3.390000000000000000e+03 1.114450802213755290e+19
3.410000000000000000e+03 1.138620816571341210e+19
3.430000000000000000e+03 1.138737639681792410e+19
3.450000000000000000e+03 1.135912279627477811e+19
3.470000000000000000e+03 1.123631834256847667e+19
3.490000000000000000e+03 1.121499386430357504e+19
3.510000000000000000e+03 1.136407664591372288e+19
3.530000000000000000e+03 1.143860264355600794e+19
3.550000000000000000e+03 1.146230811425085850e+19
3.570000000000000000e+03 1.131841557727962726e+19
3.590000000000000000e+03 1.130501747833936282e+19
3.610000000000000000e+03 1.130075852004917248e+19
3.630000000000000000e+03 1.127930869745870438e+19
3.640000000000000000e+03 1.124349925300948173e+19
3.650000000000000000e+03 1.154540700405491302e+19
3.670000000000000000e+03 1.143962463961402573e+19
3.690000000000000000e+03 1.108215856601707315e+19
3.710000000000000000e+03 1.269421798444131942e+19
3.730000000000000000e+03 1.460466231865560269e+19
3.750000000000000000e+03 2.102017082972857958e+19
3.770000000000000000e+03 2.200527827263448678e+19
3.790000000000000000e+03 2.646247411126632448e+19
3.810000000000000000e+03 2.969962435992721818e+19
3.830000000000000000e+03 2.377259587972628480e+19
3.850000000000000000e+03 3.135840807472961946e+19
3.870000000000000000e+03 3.356688273223398195e+19
3.890000000000000000e+03 2.204970403995477606e+19
3.910000000000000000e+03 3.297888370490867712e+19
3.930000000000000000e+03 3.283103237632163840e+19
3.950000000000000000e+03 3.304782528299348787e+19
3.970000000000000000e+03 2.108422947667443712e+19
3.990000000000000000e+03 3.229785719778050048e+19
4.010000000000000000e+03 3.282310599699700122e+19
4.030000000000000000e+03 3.238834370621158195e+19
4.050000000000000000e+03 3.237578288537586893e+19
4.070000000000000000e+03 3.166490573706520166e+19
4.090000000000000000e+03 2.829976463834978714e+19
4.110000000000000000e+03 2.218982580179854950e+19
4.130000000000000000e+03 3.052044497443409101e+19
4.150000000000000000e+03 3.105473175923091046e+19
4.170000000000000000e+03 3.054314769052440986e+19
4.190000000000000000e+03 3.041543611642334413e+19
4.210000000000000000e+03 3.024271713335089562e+19
4.230000000000000000e+03 2.983274663074856960e+19
4.250000000000000000e+03 2.943893675005129523e+19
4.270000000000000000e+03 2.907233428458333798e+19
4.290000000000000000e+03 2.901414153217166541e+19
4.310000000000000000e+03 2.814051247369433907e+19
4.330000000000000000e+03 2.414050676403129549e+19
4.350000000000000000e+03 2.076256734996856832e+19
4.370000000000000000e+03 2.780630491931554611e+19
4.390000000000000000e+03 2.739213098376023245e+19
4.410000000000000000e+03 2.740592325761905459e+19
4.430000000000000000e+03 2.726260521547333632e+19
4.450000000000000000e+03 2.716167334657838285e+19
4.470000000000000000e+03 2.684495902219750605e+19
4.490000000000000000e+03 2.634349485851305574e+19
4.510000000000000000e+03 2.638137633262482227e+19
4.530000000000000000e+03 2.606508751924389478e+19
4.550000000000000000e+03 2.550447402803160678e+19
4.570000000000000000e+03 2.580062528594981683e+19
4.590000000000000000e+03 2.528967343642928742e+19
4.610000000000000000e+03 2.558552232864985907e+19
4.630000000000000000e+03 2.488076066401288192e+19
4.650000000000000000e+03 2.514038944419125658e+19
4.670000000000000000e+03 2.481360469281157939e+19
4.690000000000000000e+03 2.456573079144575795e+19
4.710000000000000000e+03 2.398289287170123366e+19
4.730000000000000000e+03 2.425140680534366618e+19
4.750000000000000000e+03 2.404907797413520998e+19
4.770000000000000000e+03 2.390901228738445312e+19
4.790000000000000000e+03 2.369458662924720538e+19
4.810000000000000000e+03 2.336251762498443674e+19
4.830000000000000000e+03 2.292717589157117952e+19
4.850000000000000000e+03 1.987257975749319066e+19
4.870000000000000000e+03 1.627350051753820160e+19
4.890000000000000000e+03 2.226548649544069939e+19
4.910000000000000000e+03 2.239733553179708621e+19
4.930000000000000000e+03 2.207411209857977549e+19
4.950000000000000000e+03 2.210510293332026982e+19
4.970000000000000000e+03 2.200427111998344397e+19
4.990000000000000000e+03 2.173486438289925734e+19
5.010000000000000000e+03 2.122929794133157478e+19
5.030000000000000000e+03 2.124314629028341350e+19
5.050000000000000000e+03 2.094882681873707827e+19
5.070000000000000000e+03 2.099350877226663936e+19
5.090000000000000000e+03 2.082905921614669414e+19
5.110000000000000000e+03 2.060864781670783386e+19
5.130000000000000000e+03 2.049949819790688256e+19
5.150000000000000000e+03 2.020868836747640832e+19
5.170000000000000000e+03 1.990849090676798259e+19
5.190000000000000000e+03 1.980784601040787866e+19
5.210000000000000000e+03 1.974386103074108211e+19
5.230000000000000000e+03 1.942736770819738829e+19
5.250000000000000000e+03 1.950165950986295706e+19
5.270000000000000000e+03 1.909046525081891635e+19
5.290000000000000000e+03 1.925079603638121267e+19
5.310000000000000000e+03 1.887717538819316122e+19
5.330000000000000000e+03 1.884497509066211328e+19
5.350000000000000000e+03 1.885374369589362688e+19
5.370000000000000000e+03 1.866200865921879245e+19
5.390000000000000000e+03 1.852122993917742285e+19
5.410000000000000000e+03 1.831352889415565312e+19
5.430000000000000000e+03 1.820218904819217203e+19
5.450000000000000000e+03 1.814440036630370714e+19
5.470000000000000000e+03 1.798105966766037402e+19
5.490000000000000000e+03 1.786578247055782707e+19
5.510000000000000000e+03 1.770203385310058906e+19
5.530000000000000000e+03 1.758394850330070221e+19
5.550000000000000000e+03 1.749248233000927232e+19
5.570000000000000000e+03 1.735223247506086298e+19
5.590000000000000000e+03 1.724006909488817766e+19
5.610000000000000000e+03 1.714642643832956518e+19
5.630000000000000000e+03 1.701483248867082240e+19
5.650000000000000000e+03 1.683209530540189286e+19
5.670000000000000000e+03 1.672898365470487347e+19
5.690000000000000000e+03 1.663761313892506010e+19
5.710000000000000000e+03 1.652362786798514995e+19
5.730000000000000000e+03 1.640410765551101542e+19
5.750000000000000000e+03 1.627321849280567706e+19
5.770000000000000000e+03 1.616135198077249126e+19
5.790000000000000000e+03 1.601625657808047309e+19
5.810000000000000000e+03 1.591510590637159219e+19
5.830000000000000000e+03 1.580113877737354035e+19
5.850000000000000000e+03 1.569926517676939674e+19
5.870000000000000000e+03 1.553870239425363968e+19
5.890000000000000000e+03 1.538409291744647578e+19
5.910000000000000000e+03 1.535302676615947878e+19
5.930000000000000000e+03 1.525572493490362778e+19
5.950000000000000000e+03 1.508403179617989427e+19
5.970000000000000000e+03 1.501602535273450701e+19
5.990000000000000000e+03 1.487183814664703181e+19
6.010000000000000000e+03 1.480955191244514918e+19
6.030000000000000000e+03 1.472071961925805670e+19
6.050000000000000000e+03 1.460051441103981773e+19
6.070000000000000000e+03 1.450516531243489690e+19
6.090000000000000000e+03 1.440273865748198195e+19
6.110000000000000000e+03 1.430547530913310310e+19
6.130000000000000000e+03 1.419955275695967437e+19
6.150000000000000000e+03 1.394557601630388224e+19
6.170000000000000000e+03 1.400179844387858022e+19
6.190000000000000000e+03 1.391631086506318234e+19
6.210000000000000000e+03 1.382216188339997901e+19
6.230000000000000000e+03 1.371143721419223859e+19
6.250000000000000000e+03 1.351161856802999501e+19
6.270000000000000000e+03 1.354223062101472051e+19
6.290000000000000000e+03 1.344768966345621504e+19
6.310000000000000000e+03 1.332050750420392346e+19
6.330000000000000000e+03 1.325916575049030042e+19
6.350000000000000000e+03 1.303414244952873370e+19
6.370000000000000000e+03 1.298540824589500416e+19
6.390000000000000000e+03 1.298114379004667494e+19
6.410000000000000000e+03 1.287656813961727181e+19
6.430000000000000000e+03 1.280830880849749606e+19
6.450000000000000000e+03 1.263709670611091456e+19
6.470000000000000000e+03 1.265022542470237389e+19
6.490000000000000000e+03 1.250473969538249523e+19
6.510000000000000000e+03 1.240563466505709158e+19
6.530000000000000000e+03 1.223829724164679270e+19
6.550000000000000000e+03 1.119262320072484454e+19
6.570000000000000000e+03 9.072060820053032960e+18
6.590000000000000000e+03 1.184981614405353472e+19
6.610000000000000000e+03 1.200057787991929651e+19
6.630000000000000000e+03 1.195845558945919795e+19
6.650000000000000000e+03 1.191083848963928883e+19
6.670000000000000000e+03 1.182578411840523469e+19
6.690000000000000000e+03 1.175347583571617382e+19
6.710000000000000000e+03 1.168727808889847808e+19
6.730000000000000000e+03 1.159337374857245491e+19
6.750000000000000000e+03 1.153268345549828915e+19
6.770000000000000000e+03 1.146461379013430477e+19
6.790000000000000000e+03 1.138568479817859072e+19
6.810000000000000000e+03 1.131466294409402778e+19
6.830000000000000000e+03 1.123271194442937139e+19
6.850000000000000000e+03 1.116560325222806323e+19
6.870000000000000000e+03 1.109445220552723661e+19
6.890000000000000000e+03 1.102963379604658586e+19
6.910000000000000000e+03 1.095555639914843341e+19
6.930000000000000000e+03 1.087737507509960704e+19
6.950000000000000000e+03 1.081780243559507558e+19
6.970000000000000000e+03 1.075068934534725632e+19
6.990000000000000000e+03 1.069004908005215437e+19
7.010000000000000000e+03 1.059359772104038810e+19
7.030000000000000000e+03 1.055127367019659264e+19
7.050000000000000000e+03 1.047127375391542477e+19
7.070000000000000000e+03 1.041734105930557030e+19
7.090000000000000000e+03 1.035936710970782515e+19
7.110000000000000000e+03 1.025258034139496448e+19
7.130000000000000000e+03 1.021860873063156941e+19
7.150000000000000000e+03 1.015728896715050189e+19
7.170000000000000000e+03 1.009907587377371546e+19
7.190000000000000000e+03 1.003856864938557440e+19
7.210000000000000000e+03 9.979384687241461760e+18
7.230000000000000000e+03 9.906977998261714944e+18
7.250000000000000000e+03 9.844966092210962432e+18
7.270000000000000000e+03 9.797100502763175936e+18
7.290000000000000000e+03 9.730472297143205888e+18
7.310000000000000000e+03 9.667011234767044608e+18
7.330000000000000000e+03 9.617815786005463040e+18
7.350000000000000000e+03 9.564508163755999232e+18
7.370000000000000000e+03 9.510768433436819456e+18
7.390000000000000000e+03 9.449154000839507968e+18
7.410000000000000000e+03 9.387067327998066688e+18
7.430000000000000000e+03 9.303934903089364992e+18
7.450000000000000000e+03 9.261473138414190592e+18
7.470000000000000000e+03 9.184805566998904832e+18
7.490000000000000000e+03 9.152839190566666240e+18
7.510000000000000000e+03 9.095997188189716480e+18
7.530000000000000000e+03 9.059571192595218432e+18
7.550000000000000000e+03 9.007620367694430208e+18
7.570000000000000000e+03 8.953360843253219328e+18
7.590000000000000000e+03 8.900599403404853248e+18
7.610000000000000000e+03 8.853181315189571584e+18
7.630000000000000000e+03 8.797709304300830720e+18
7.650000000000000000e+03 8.739898357301903360e+18
7.670000000000000000e+03 8.691317535540248576e+18
7.690000000000000000e+03 8.642364254214684672e+18
7.710000000000000000e+03 8.583335598087995392e+18
7.730000000000000000e+03 8.543340037993922560e+18
7.750000000000000000e+03 8.495219911604305920e+18
7.770000000000000000e+03 8.286368777419882496e+18
7.790000000000000000e+03 8.397892516703109120e+18
7.810000000000000000e+03 8.352616277138735104e+18
7.830000000000000000e+03 8.299114865964875776e+18
7.850000000000000000e+03 8.235351163013169152e+18
7.870000000000000000e+03 8.169174032038494208e+18
7.890000000000000000e+03 8.104540065633402880e+18
7.910000000000000000e+03 8.103183268284727296e+18
7.930000000000000000e+03 8.065788328068251648e+18
7.950000000000000000e+03 7.982077285165432832e+18
7.970000000000000000e+03 7.978085233322885120e+18
7.990000000000000000e+03 7.845263129175916544e+18
8.010000000000000000e+03 7.887078106136051712e+18
8.030000000000000000e+03 7.842093786908852224e+18
8.050000000000000000e+03 7.798813985582612480e+18
8.070000000000000000e+03 7.753190575221768192e+18
8.090000000000000000e+03 7.711317599023267840e+18
8.110000000000000000e+03 7.665060045331103744e+18
8.130000000000000000e+03 7.626665099289165824e+18
8.150000000000000000e+03 7.585938089084715008e+18
8.170000000000000000e+03 7.542861972287520768e+18
8.190000000000000000e+03 7.470623508586823680e+18
8.210000000000000000e+03 7.451670127147220992e+18
8.230000000000000000e+03 7.403535432228536320e+18
8.250000000000000000e+03 7.402837792100712448e+18
8.270000000000000000e+03 7.399968616508030976e+18
8.290000000000000000e+03 7.346920479002722304e+18
8.310000000000000000e+03 7.320720766180261888e+18
8.330000000000000000e+03 7.252375948031426560e+18
8.350000000000000000e+03 7.225653417429958656e+18
8.370000000000000000e+03 7.158690960275144704e+18
8.390000000000000000e+03 7.095549306026852352e+18
8.410000000000000000e+03 7.017206628646649856e+18
8.430000000000000000e+03 7.021163496117108736e+18
8.450000000000000000e+03 6.925097515930877952e+18
8.470000000000000000e+03 6.706978048480116736e+18
8.490000000000000000e+03 7.139518776021614592e+18
8.510000000000000000e+03 6.535164513233141760e+18
8.530000000000000000e+03 7.256889168385540096e+18
8.550000000000000000e+03 6.243075950779564032e+18
8.570000000000000000e+03 7.394458688863338496e+18
8.590000000000000000e+03 6.778217056111165440e+18
8.610000000000000000e+03 6.579451192332517376e+18
8.630000000000000000e+03 7.552665492838678528e+18
8.650000000000000000e+03 7.304548874281025536e+18
8.670000000000000000e+03 5.878972675241541632e+18
8.690000000000000000e+03 7.484874828550242304e+18
8.710000000000000000e+03 7.721333050440679424e+18
8.730000000000000000e+03 7.484170316474744832e+18
8.750000000000000000e+03 5.770243069882400768e+18
8.770000000000000000e+03 7.165275110780174336e+18
8.790000000000000000e+03 7.619680726551625728e+18
8.810000000000000000e+03 7.605973389966049280e+18
8.830000000000000000e+03 7.465440960529301504e+18
8.850000000000000000e+03 6.847498108411052032e+18
8.870000000000000000e+03 5.679701310992023552e+18
8.890000000000000000e+03 7.252129657426804736e+18
8.910000000000000000e+03 7.376092171755061248e+18
8.930000000000000000e+03 7.352190713112559616e+18
8.950000000000000000e+03 7.359646776338415616e+18
8.970000000000000000e+03 7.292555401445244928e+18
8.990000000000000000e+03 7.102901190525976576e+18
9.010000000000000000e+03 5.683169445543936000e+18
9.030000000000000000e+03 6.300365454389018624e+18
9.050000000000000000e+03 7.052357190752927744e+18
9.070000000000000000e+03 7.006303596467716096e+18
9.090000000000000000e+03 6.966841849268928512e+18
9.110000000000000000e+03 7.016565063611842560e+18
9.130000000000000000e+03 7.002094940834496512e+18
9.150000000000000000e+03 6.980584919982407680e+18
9.170000000000000000e+03 6.912751099862581248e+18
9.190000000000000000e+03 6.802918959218688000e+18
9.210000000000000000e+03 6.507089858207416320e+18
9.230000000000000000e+03 5.032049654691266560e+18
9.250000000000000000e+03 6.295542721511686144e+18
9.270000000000000000e+03 6.516815588310908928e+18
9.290000000000000000e+03 6.689880367790292992e+18
9.310000000000000000e+03 6.685535647593136128e+18
9.330000000000000000e+03 6.645885334150184960e+18
9.350000000000000000e+03 6.624830511111995392e+18
9.370000000000000000e+03 6.591832792772902912e+18
9.390000000000000000e+03 6.520817810636013568e+18
9.410000000000000000e+03 6.425755134810128384e+18
9.430000000000000000e+03 6.475015729635655680e+18
9.450000000000000000e+03 6.448312715365580800e+18
9.470000000000000000e+03 6.402369621998960640e+18
9.490000000000000000e+03 6.353786326336143360e+18
9.510000000000000000e+03 6.269036244945076224e+18
9.530000000000000000e+03 5.900825468843589632e+18
9.550000000000000000e+03 4.698597739678662656e+18
9.570000000000000000e+03 5.944863108559273984e+18
9.590000000000000000e+03 6.155219749040029696e+18
9.610000000000000000e+03 6.146286766820163584e+18
9.630000000000000000e+03 6.062123000004608000e+18
9.650000000000000000e+03 6.118433663387435008e+18
9.670000000000000000e+03 6.055661994801889280e+18
9.690000000000000000e+03 6.051113590075686912e+18
9.710000000000000000e+03 6.031830904903565312e+18
9.730000000000000000e+03 5.997722954698326016e+18
9.750000000000000000e+03 5.965877799423049728e+18
9.770000000000000000e+03 5.938769615118139392e+18
9.790000000000000000e+03 5.906572066366160896e+18
9.810000000000000000e+03 5.871724144835428352e+18
9.830000000000000000e+03 5.834210457363152896e+18
9.850000000000000000e+03 5.806412329511813120e+18
9.870000000000000000e+03 5.775969326439858176e+18
9.890000000000000000e+03 5.727929739276976128e+18
9.910000000000000000e+03 5.722052574748606464e+18
9.930000000000000000e+03 5.688611203467706368e+18
9.950000000000000000e+03 5.659998337500184576e+18
9.970000000000000000e+03 5.631223568445472768e+18
9.990000000000000000e+03 5.589715904985300992e+18
1.002500000000000000e+04 5.215664248239161344e+18
1.007500000000000000e+04 4.966533879960698880e+18
1.012500000000000000e+04 5.369629686110355456e+18
1.017500000000000000e+04 5.350047109141757952e+18
1.022500000000000000e+04 5.293980812218204160e+18
1.027500000000000000e+04 5.226764092999467008e+18
1.032500000000000000e+04 5.159421204821442560e+18
1.037500000000000000e+04 5.097185273276530688e+18
1.042500000000000000e+04 5.037782783196397568e+18
1.047500000000000000e+04 4.964391756431884288e+18
1.052500000000000000e+04 4.902255880445100032e+18
1.057500000000000000e+04 4.852346573759184896e+18
1.062500000000000000e+04 4.798536199817920512e+18
1.067500000000000000e+04 4.696982007341645824e+18
1.072500000000000000e+04 4.668231977298558976e+18
1.077500000000000000e+04 4.624091533245677568e+18
1.082500000000000000e+04 4.568168722589548544e+18
1.087500000000000000e+04 4.495381190269730816e+18
1.092500000000000000e+04 3.920710855213187072e+18
1.097500000000000000e+04 4.256885161016164352e+18
1.102500000000000000e+04 4.359251342829551616e+18
1.107500000000000000e+04 4.319087832334336000e+18
1.112500000000000000e+04 4.268583140101980160e+18
1.117500000000000000e+04 4.220261528206573568e+18
1.122500000000000000e+04 4.173031044162781184e+18
1.127500000000000000e+04 4.084345398339043328e+18
1.132500000000000000e+04 4.047442901892857856e+18
1.137500000000000000e+04 4.030096456697249792e+18
1.142500000000000000e+04 3.982820755237765120e+18
1.147500000000000000e+04 3.943640895332548608e+18
1.152500000000000000e+04 3.900486713209782272e+18
1.157500000000000000e+04 3.856517792970833920e+18
1.162500000000000000e+04 3.801196277736144896e+18
1.167500000000000000e+04 3.752308554791387136e+18
1.172500000000000000e+04 3.730307876875403264e+18
1.177500000000000000e+04 3.662340603531755520e+18
1.182500000000000000e+04 3.639794292970487808e+18
1.187500000000000000e+04 3.597199212510445568e+18
1.192500000000000000e+04 3.572424741635489792e+18
1.197500000000000000e+04 3.525614133594554368e+18
1.202500000000000000e+04 3.493723486025678848e+18
1.207500000000000000e+04 3.454758992960552960e+18
1.212500000000000000e+04 3.418403503549186048e+18
1.217500000000000000e+04 3.384388049759633408e+18
1.222500000000000000e+04 3.347823378261082112e+18
1.227500000000000000e+04 3.310227914611490816e+18
1.232500000000000000e+04 3.276868319507906560e+18
1.237500000000000000e+04 3.243439867488632832e+18
1.242500000000000000e+04 3.211822998315073536e+18
1.247500000000000000e+04 3.169484378942210048e+18
1.252500000000000000e+04 3.144672524671909888e+18
1.257500000000000000e+04 3.104051617339539456e+18
1.262500000000000000e+04 3.076672128540475392e+18
1.267500000000000000e+04 3.049297312665829376e+18
1.272500000000000000e+04 3.014243507582795776e+18
1.277500000000000000e+04 2.943127920131964928e+18
1.282500000000000000e+04 2.592780909446955008e+18
1.287500000000000000e+04 2.898112539701280768e+18
1.292500000000000000e+04 2.895053148596994048e+18
1.297500000000000000e+04 2.869348903201800192e+18
1.302500000000000000e+04 2.841065203527843840e+18
1.307500000000000000e+04 2.813137608182333440e+18
1.312500000000000000e+04 2.785243547941470208e+18
1.317500000000000000e+04 2.750422564445618176e+18
1.322500000000000000e+04 2.730236218154418176e+18
1.327500000000000000e+04 2.703803821183729664e+18
1.332500000000000000e+04 2.677429973207220224e+18
1.337500000000000000e+04 2.651118385076633600e+18
1.342500000000000000e+04 2.624535080135032832e+18
1.347500000000000000e+04 2.598697244077064192e+18
1.352500000000000000e+04 2.571233367760568320e+18
1.357500000000000000e+04 2.547937327708110848e+18
1.362500000000000000e+04 2.523713574719717376e+18
1.367500000000000000e+04 2.498210814830313472e+18
1.372500000000000000e+04 2.472799039528108032e+18
1.377500000000000000e+04 2.453376578940305408e+18
1.382500000000000000e+04 2.430267730742476800e+18
1.387500000000000000e+04 2.408324639747997696e+18
1.392500000000000000e+04 2.384407238186893312e+18
1.397500000000000000e+04 2.362718271817383936e+18
1.402500000000000000e+04 2.340812701657202688e+18
1.407500000000000000e+04 2.319399300389404672e+18
1.412500000000000000e+04 2.297418825999581184e+18
1.417500000000000000e+04 2.276294802448318464e+18
1.422500000000000000e+04 2.255322442782212096e+18
1.427500000000000000e+04 2.234505595291959296e+18
1.432500000000000000e+04 2.214208404484784128e+18
1.437500000000000000e+04 2.194076690177589248e+18
1.442500000000000000e+04 2.163222057439985664e+18
1.447500000000000000e+04 2.153960664840798208e+18
1.452500000000000000e+04 2.129594181499224064e+18
1.457000000000000000e+04 2.117121940069023744e+18
1.462000000000000000e+04 2.101204172794757120e+18
1.467500000000000000e+04 2.083252858764918784e+18
1.472500000000000000e+04 2.064777352566538240e+18
1.477500000000000000e+04 2.043525029752209408e+18
1.482500000000000000e+04 2.028798033570824192e+18
1.487500000000000000e+04 2.008683292974383104e+18
1.492500000000000000e+04 1.995149404348088320e+18
1.497500000000000000e+04 1.975825556209401856e+18
1.502500000000000000e+04 1.956706492111388672e+18
1.507500000000000000e+04 1.937795579308408832e+18
1.512500000000000000e+04 1.920619420976152576e+18
1.517500000000000000e+04 1.902523383728308224e+18
1.522500000000000000e+04 1.891930688706314240e+18
1.527500000000000000e+04 1.861618871115448320e+18
1.532500000000000000e+04 1.844182953161129984e+18
1.537500000000000000e+04 1.844782049559314432e+18
1.542500000000000000e+04 1.795261626392248320e+18
1.547500000000000000e+04 1.817440287752978432e+18
1.552500000000000000e+04 1.806900300569640960e+18
1.557500000000000000e+04 1.725298258407849984e+18
1.562500000000000000e+04 1.804380769674592256e+18
1.567500000000000000e+04 1.742688271751708672e+18
1.572500000000000000e+04 1.678982224440983552e+18
1.577500000000000000e+04 1.768894238046552064e+18
1.582500000000000000e+04 1.754186689477083136e+18
1.587500000000000000e+04 1.587512134139379712e+18
1.592500000000000000e+04 1.704745637305647104e+18
1.597500000000000000e+04 1.727790095353774080e+18
1.605000000000000000e+04 1.687020272915316736e+18
1.615000000000000000e+04 1.591029128239251456e+18
1.625000000000000000e+04 1.664686924012453888e+18
1.635000000000000000e+04 1.605793851413364736e+18
1.645000000000000000e+04 1.514587506463473664e+18
1.655000000000000000e+04 1.586696021633662976e+18
1.665000000000000000e+04 1.561499475732594688e+18
1.675000000000000000e+04 1.502578846623334400e+18
1.685000000000000000e+04 1.418243968310706176e+18
1.695000000000000000e+04 1.485962752026476544e+18
1.705000000000000000e+04 1.462972513645494272e+18
1.715000000000000000e+04 1.440472863608930304e+18
1.725000000000000000e+04 1.413703260165898240e+18
1.735000000000000000e+04 1.290451648824475648e+18
1.745000000000000000e+04 1.361136777473032192e+18
1.755000000000000000e+04 1.350825832305655808e+18
1.765000000000000000e+04 1.330534963690340352e+18
1.775000000000000000e+04 1.310373768727625728e+18
1.785000000000000000e+04 1.290799025779376128e+18
1.795000000000000000e+04 1.271825784410996736e+18
1.805000000000000000e+04 1.247563067479293952e+18
1.815000000000000000e+04 1.150315868207448064e+18
1.825000000000000000e+04 1.196158150101696512e+18
1.835000000000000000e+04 1.197170044396634112e+18
1.845000000000000000e+04 1.179545903795535872e+18
1.855000000000000000e+04 1.160726319177138176e+18
1.865000000000000000e+04 1.140695897378652160e+18
1.875000000000000000e+04 1.049120838076334080e+18
1.885000000000000000e+04 1.105957377254883328e+18
1.895000000000000000e+04 1.095130451896434688e+18
1.905000000000000000e+04 1.080291442967969792e+18
1.915000000000000000e+04 1.064753934918221824e+18
1.925000000000000000e+04 1.049479519385157632e+18
1.935000000000000000e+04 1.030579292460810240e+18
1.945000000000000000e+04 9.470014622636441600e+17
1.955000000000000000e+04 1.001373136890888192e+18
1.965000000000000000e+04 9.920037172742717440e+17
1.975000000000000000e+04 9.779134070448455680e+17
1.985000000000000000e+04 9.645285709635911680e+17
1.995000000000000000e+04 9.512602487551426560e+17
2.005000000000000000e+04 9.383148737276149760e+17
2.015000000000000000e+04 9.254971794878627840e+17
2.025000000000000000e+04 9.128625195743969280e+17
2.035000000000000000e+04 9.005187492059545600e+17
2.045000000000000000e+04 8.884210976434421760e+17
2.055000000000000000e+04 8.765239695140454400e+17
2.065000000000000000e+04 8.646766286455439360e+17
2.075000000000000000e+04 8.532477893903646720e+17
2.085000000000000000e+04 8.420882617645137920e+17
2.095000000000000000e+04 8.309931586481029120e+17
2.105000000000000000e+04 8.199655036981084160e+17
2.115000000000000000e+04 8.087954276325785600e+17
2.125000000000000000e+04 7.982851272631910400e+17
2.135000000000000000e+04 7.878549194439393280e+17
2.145000000000000000e+04 7.781015984705372160e+17
2.155000000000000000e+04 7.655651730490654720e+17
2.165000000000000000e+04 7.067774130480742400e+17
2.175000000000000000e+04 7.433268975422668800e+17
2.185000000000000000e+04 7.393199335732674560e+17
2.195000000000000000e+04 7.301621699449978880e+17
2.205000000000000000e+04 7.209456168043806720e+17
2.215000000000000000e+04 7.116710644253982720e+17
2.225000000000000000e+04 7.031233235921141760e+17
2.235000000000000000e+04 6.944135765924249600e+17
2.245000000000000000e+04 6.858801637700403200e+17
2.255000000000000000e+04 6.773565434730905600e+17
2.265000000000000000e+04 6.691863474449940480e+17
2.275000000000000000e+04 6.609747479321640960e+17
2.285000000000000000e+04 6.536426890020782080e+17
2.295000000000000000e+04 6.458167088329523200e+17
2.305000000000000000e+04 6.381876443244134400e+17
2.315000000000000000e+04 6.306427955346145280e+17
2.325000000000000000e+04 6.231843614868111360e+17
2.335000000000000000e+04 6.158146786432122880e+17
2.345000000000000000e+04 6.086540748075827200e+17
2.355000000000000000e+04 6.014691099174502400e+17
2.365000000000000000e+04 5.944392448863109120e+17
2.375000000000000000e+04 5.875076487069040640e+17
2.385000000000000000e+04 5.805565705558425600e+17
2.395000000000000000e+04 5.737072659498270720e+17
2.405000000000000000e+04 5.665988717366476800e+17
2.415000000000000000e+04 5.597153620110868480e+17
2.425000000000000000e+04 5.542812491291033600e+17
2.435000000000000000e+04 5.468832538610892800e+17
2.445000000000000000e+04 5.398980564898283520e+17
2.455000000000000000e+04 5.356180013202800640e+17
2.465000000000000000e+04 5.276245002467409920e+17
2.475000000000000000e+04 5.218533526911057920e+17
2.485000000000000000e+04 5.198337044497039360e+17
2.495000000000000000e+04 5.038393664984842240e+17
2.505000000000000000e+04 5.087591484568371200e+17
2.515000000000000000e+04 5.035735939222077440e+17
2.525000000000000000e+04 4.835860015375974400e+17
2.535000000000000000e+04 4.918818339490365440e+17
2.545000000000000000e+04 4.885694349112770560e+17
2.555000000000000000e+04 4.811642756378132480e+17
2.565000000000000000e+04 4.579977030795264000e+17
2.575000000000000000e+04 4.719033125353553920e+17
2.585000000000000000e+04 4.684657066109829120e+17
2.595000000000000000e+04 4.634850563761111040e+17
2.605000000000000000e+04 4.535344074252615680e+17
2.615000000000000000e+04 4.297373852075294720e+17
2.625000000000000000e+04 4.175057306653818880e+17
2.635000000000000000e+04 4.407839208337571840e+17
2.645000000000000000e+04 4.400600298658201600e+17
2.655000000000000000e+04 4.356425185629306880e+17
2.665000000000000000e+04 4.286973502868684800e+17
2.675000000000000000e+04 3.996034995218022400e+17
2.685000000000000000e+04 4.197499026171494400e+17
2.695000000000000000e+04 4.185320388705648640e+17
2.705000000000000000e+04 4.143658690538373120e+17
2.715000000000000000e+04 4.100207708995584000e+17
2.725000000000000000e+04 4.058381255882833920e+17
2.735000000000000000e+04 4.016136988351528960e+17
2.745000000000000000e+04 3.961038399099371520e+17
2.755000000000000000e+04 3.706415214325923840e+17
2.765000000000000000e+04 3.806166860567674880e+17
2.775000000000000000e+04 3.849268059973877760e+17
2.785000000000000000e+04 3.815472336711188480e+17
2.795000000000000000e+04 3.777113124797153280e+17
2.805000000000000000e+04 3.739087374143979520e+17
2.815000000000000000e+04 3.701402643894108160e+17
2.825000000000000000e+04 3.664066664988672000e+17
2.835000000000000000e+04 3.627800304738631680e+17
2.845000000000000000e+04 3.591186567533690880e+17
2.855000000000000000e+04 3.553506991244574720e+17
2.865000000000000000e+04 3.470044266170941440e+17
2.875000000000000000e+04 3.260722163052707840e+17
2.885000000000000000e+04 3.435449163595120640e+17
2.895000000000000000e+04 3.415295459055370240e+17
2.905000000000000000e+04 3.385414684382330880e+17
2.915000000000000000e+04 3.350845179811594240e+17
2.925000000000000000e+04 3.319639150029701120e+17
2.935000000000000000e+04 3.287402499895459840e+17
2.945000000000000000e+04 3.256351432533606400e+17
2.955000000000000000e+04 3.225757177893355520e+17
2.965000000000000000e+04 3.194881001599795200e+17
2.975000000000000000e+04 3.163722903652925440e+17
2.985000000000000000e+04 3.133785607210270720e+17
2.995000000000000000e+04 3.104330377896919040e+17
3.005000000000000000e+04 3.074608345215139840e+17
3.015000000000000000e+04 3.046137178808647680e+17
3.025000000000000000e+04 3.009033987130654720e+17
3.035000000000000000e+04 2.838697817554288640e+17
3.045000000000000000e+04 2.874875959176069120e+17
3.055000000000000000e+04 2.927378240697794560e+17
3.065000000000000000e+04 2.906873551430615040e+17
3.075000000000000000e+04 2.879980613706711040e+17
3.085000000000000000e+04 2.851298134909255680e+17
3.095000000000000000e+04 2.827042908400517120e+17
3.105000000000000000e+04 2.801789617391534080e+17
3.115000000000000000e+04 2.774746785308999680e+17
3.125000000000000000e+04 2.750618861630914560e+17
3.135000000000000000e+04 2.725490382371553280e+17
3.145000000000000000e+04 2.700145264961781760e+17
3.155000000000000000e+04 2.676966185458728960e+17
3.165000000000000000e+04 2.652788955556085760e+17
3.175000000000000000e+04 2.629204602938982400e+17
3.185000000000000000e+04 2.605418902255042560e+17
3.195000000000000000e+04 2.581431853504266240e+17
3.210000000000000000e+04 2.548305543844331520e+17
3.230000000000000000e+04 2.503208215437639680e+17
3.250000000000000000e+04 2.459809890193899520e+17
3.270000000000000000e+04 2.415686660369940480e+17
3.290000000000000000e+04 2.282232405756477440e+17
3.310000000000000000e+04 2.310269436868689920e+17
3.330000000000000000e+04 2.289025841427906560e+17
3.350000000000000000e+04 2.251338620097003520e+17
3.370000000000000000e+04 2.212189220099850240e+17
3.390000000000000000e+04 2.175828456468643840e+17
3.410000000000000000e+04 2.140600361612738560e+17
3.430000000000000000e+04 2.104808509349560320e+17
3.450000000000000000e+04 2.071926325630730240e+17
3.470000000000000000e+04 2.037647160849203200e+17
3.490000000000000000e+04 2.004591288652922880e+17
3.510000000000000000e+04 1.971905384939520000e+17
3.530000000000000000e+04 1.939604567993876480e+17
3.550000000000000000e+04 1.908597652895825920e+17
3.570000000000000000e+04 1.877117346502410240e+17
3.590000000000000000e+04 1.850585529628753920e+17
3.610000000000000000e+04 1.816917109196718080e+17
3.630000000000000000e+04 1.793542608681697280e+17
3.650000000000000000e+04 1.758775106118615040e+17
3.670000000000000000e+04 1.739591548791685120e+17
3.690000000000000000e+04 1.700403665887559680e+17
3.710000000000000000e+04 1.685527617161134080e+17
3.730000000000000000e+04 1.633401317076500480e+17
3.750000000000000000e+04 1.582223259871477760e+17
3.770000000000000000e+04 1.611158282745937920e+17
3.790000000000000000e+04 1.588988520557445120e+17
3.810000000000000000e+04 1.549616555355013120e+17
3.830000000000000000e+04 1.530469333451407360e+17
3.850000000000000000e+04 1.520243188118323200e+17
3.870000000000000000e+04 1.497944061514874880e+17
3.890000000000000000e+04 1.472591213163970560e+17
3.910000000000000000e+04 1.421605398695116800e+17
3.930000000000000000e+04 1.433031600840376320e+17
3.950000000000000000e+04 1.414176436712898560e+17
3.970000000000000000e+04 1.396155655882014720e+17
3.990000000000000000e+04 1.374064964041441280e+17
4.010000000000000000e+04 1.336239530662952960e+17
4.030000000000000000e+04 1.307198808643338240e+17
4.050000000000000000e+04 1.272197015614259200e+17
4.070000000000000000e+04 1.296202017328332800e+17
4.090000000000000000e+04 1.281158808474746880e+17
4.110000000000000000e+04 1.263423514120028160e+17
4.130000000000000000e+04 1.245662449961533440e+17
4.150000000000000000e+04 1.225894089887580160e+17
4.170000000000000000e+04 1.167567059618365440e+17
4.190000000000000000e+04 1.191411859052298240e+17
4.210000000000000000e+04 1.178448745809838080e+17
4.230000000000000000e+04 1.162646745084067840e+17
4.250000000000000000e+04 1.146856254870650880e+17
4.270000000000000000e+04 1.131402833690624000e+17
4.290000000000000000e+04 1.116186022258933760e+17
4.310000000000000000e+04 1.101320238504345600e+17
4.330000000000000000e+04 1.086595372626739200e+17
4.350000000000000000e+04 1.071468068313497600e+17
4.370000000000000000e+04 1.023047594860871680e+17
4.390000000000000000e+04 1.034470017434910720e+17
4.410000000000000000e+04 1.030524918174842880e+17
4.430000000000000000e+04 1.017134928132833280e+17
4.450000000000000000e+04 1.003917896423833600e+17
4.470000000000000000e+04 9.926783965069312000e+16
4.490000000000000000e+04 9.783596627368345600e+16
4.510000000000000000e+04 9.658035405953433600e+16
4.530000000000000000e+04 9.534394893913292800e+16
4.550000000000000000e+04 9.413865226685644800e+16
4.570000000000000000e+04 9.295356771067494400e+16
4.590000000000000000e+04 9.176604361306931200e+16
4.610000000000000000e+04 9.061104100782899200e+16
4.630000000000000000e+04 8.931435172646092800e+16
4.650000000000000000e+04 8.499511357027123200e+16
4.670000000000000000e+04 8.376207999919718400e+16
4.690000000000000000e+04 8.580889390874624000e+16
4.710000000000000000e+04 8.513156038629785600e+16
4.730000000000000000e+04 8.413583664322969600e+16
4.750000000000000000e+04 8.310471377970790400e+16
4.770000000000000000e+04 8.212195224793907200e+16
4.790000000000000000e+04 8.114006259453132800e+16
4.810000000000000000e+04 8.014710481040179200e+16
4.830000000000000000e+04 7.920385268278886400e+16
4.850000000000000000e+04 7.825003493562777600e+16
4.870000000000000000e+04 7.733467432563507200e+16
4.890000000000000000e+04 7.639683815178240000e+16
4.910000000000000000e+04 7.551052440561254400e+16
4.930000000000000000e+04 7.460203144832614400e+16
4.950000000000000000e+04 7.377089085204070400e+16
4.970000000000000000e+04 7.283051205754880000e+16
4.990000000000000000e+04 7.206856338440192000e+16
5.010000000000000000e+04 7.122249562927923200e+16
5.030000000000000000e+04 7.030406411766988800e+16
5.050000000000000000e+04 6.961757587243008000e+16
5.070000000000000000e+04 6.880858227500646400e+16
5.090000000000000000e+04 6.781167312096460800e+16
5.110000000000000000e+04 6.697199627717836800e+16
5.130000000000000000e+04 6.391566963205734400e+16
5.150000000000000000e+04 6.556481251966976000e+16
5.170000000000000000e+04 6.472634685666099200e+16
5.190000000000000000e+04 6.428438398448435200e+16
5.210000000000000000e+04 6.362727116806553600e+16
5.230000000000000000e+04 6.291054850054553600e+16
5.250000000000000000e+04 6.206755379452313600e+16
5.270000000000000000e+04 6.116324198789939200e+16
5.290000000000000000e+04 6.087607832700518400e+16
5.310000000000000000e+04 6.031767674395033600e+16
5.330000000000000000e+04 5.965943220364902400e+16
5.350000000000000000e+04 5.894067586911436800e+16
5.370000000000000000e+04 5.789047905583104000e+16
5.390000000000000000e+04 5.729208488479948800e+16
5.410000000000000000e+04 5.706892267906662400e+16
5.430000000000000000e+04 5.650086171456307200e+16
5.450000000000000000e+04 5.589962427518156800e+16
5.470000000000000000e+04 5.531998193136435200e+16
5.490000000000000000e+04 5.472078460144844800e+16
5.510000000000000000e+04 5.386610758438092800e+16
5.530000000000000000e+04 5.273931861930803200e+16
5.550000000000000000e+04 5.293005811692339200e+16
5.570000000000000000e+04 5.246186587947008000e+16
5.590000000000000000e+04 5.190452515333734400e+16
5.610000000000000000e+04 5.137008734031052800e+16
5.630000000000000000e+04 5.083051704136499200e+16
5.650000000000000000e+04 5.032847616665190400e+16
5.670000000000000000e+04 4.979305910108160000e+16
5.690000000000000000e+04 4.916667462818201600e+16
5.710000000000000000e+04 4.765795569631232000e+16
5.730000000000000000e+04 4.811333175135436800e+16
5.750000000000000000e+04 4.780366460931276800e+16
5.770000000000000000e+04 4.731639627461427200e+16
5.790000000000000000e+04 4.683917386842112000e+16
5.810000000000000000e+04 4.637214127213772800e+16
5.830000000000000000e+04 4.587142968980275200e+16
5.850000000000000000e+04 4.541036709806080000e+16
5.870000000000000000e+04 4.494507396353228800e+16
5.890000000000000000e+04 4.431247037798809600e+16
5.910000000000000000e+04 4.233573959729152000e+16
5.930000000000000000e+04 4.347904056413388800e+16
5.950000000000000000e+04 4.212805860117708800e+16
5.970000000000000000e+04 4.238987980754124800e+16
5.990000000000000000e+04 4.236604273904844800e+16
6.010000000000000000e+04 4.197804827842969600e+16
6.030000000000000000e+04 4.158652550217728000e+16
6.050000000000000000e+04 4.119148085274214400e+16
6.070000000000000000e+04 4.080819152879616000e+16
6.090000000000000000e+04 4.042147911591526400e+16
6.110000000000000000e+04 4.003134146661580800e+16
6.130000000000000000e+04 3.963778072838144000e+16
6.150000000000000000e+04 3.927175932044902400e+16
6.170000000000000000e+04 3.890251239207731200e+16
6.190000000000000000e+04 3.853004638571724800e+16
6.210000000000000000e+04 3.816998853987532800e+16
6.230000000000000000e+04 3.780681040029286400e+16
6.250000000000000000e+04 3.744050767200256000e+16
6.270000000000000000e+04 3.697639780096409600e+16
6.290000000000000000e+04 3.547948143922380800e+16
6.310000000000000000e+04 3.621170464371507200e+16
6.330000000000000000e+04 3.607155878710476800e+16
6.350000000000000000e+04 3.573800411070464000e+16
6.370000000000000000e+04 3.549783168699596800e+16
6.390000000000000000e+04 3.515894051373056000e+16
6.420000000000000000e+04 3.467763896234803200e+16
6.460000000000000000e+04 3.406444433401446400e+16
6.500000000000000000e+04 3.344098151261798400e+16
6.540000000000000000e+04 3.285334086595379200e+16
6.580000000000000000e+04 3.224936860614656000e+16
6.620000000000000000e+04 3.167560177759027200e+16
6.660000000000000000e+04 3.112940971281612800e+16
6.700000000000000000e+04 3.057604720014131200e+16
6.740000000000000000e+04 2.994598301401088000e+16
6.780000000000000000e+04 2.886769818835353600e+16
6.820000000000000000e+04 2.896247737915801600e+16
6.860000000000000000e+04 2.854182506096230400e+16
6.900000000000000000e+04 2.806739330976972800e+16
6.940000000000000000e+04 2.752264650149068800e+16
6.980000000000000000e+04 2.712435056181248000e+16
7.020000000000000000e+04 2.668079962547814400e+16
7.060000000000000000e+04 2.622686560570572800e+16
7.100000000000000000e+04 2.571781641810739200e+16
7.140000000000000000e+04 2.538106950726451200e+16
7.180000000000000000e+04 2.496844770417049600e+16
7.220000000000000000e+04 2.456418068620902400e+16
7.260000000000000000e+04 2.406618030197964800e+16
7.300000000000000000e+04 2.375412086315417600e+16
7.340000000000000000e+04 2.340393499964211200e+16
7.380000000000000000e+04 2.301136210388582400e+16
7.420000000000000000e+04 2.259634263529881600e+16
7.460000000000000000e+04 2.173049118706892800e+16
7.500000000000000000e+04 2.108246759519027200e+16
7.540000000000000000e+04 2.150425271101030400e+16
7.580000000000000000e+04 2.124438678850764800e+16
7.620000000000000000e+04 2.095947691170201600e+16
7.660000000000000000e+04 2.064147753310617600e+16
7.700000000000000000e+04 2.032869868725862400e+16
7.740000000000000000e+04 1.998817327893708800e+16
7.780000000000000000e+04 1.950400054191718400e+16
7.820000000000000000e+04 1.939563851703910400e+16
7.860000000000000000e+04 1.913478582580019200e+16
7.900000000000000000e+04 1.885038382887731200e+16
7.940000000000000000e+04 1.857210967654400000e+16
7.980000000000000000e+04 1.830010939768832000e+16
8.020000000000000000e+04 1.803252166085836800e+16
8.060000000000000000e+04 1.776946457765478400e+16
8.100000000000000000e+04 1.750494237373235200e+16
8.140000000000000000e+04 1.704229547592908800e+16
8.180000000000000000e+04 1.692632652709888000e+16
8.220000000000000000e+04 1.676909367997235200e+16
8.260000000000000000e+04 1.653052274219417600e+16
8.300000000000000000e+04 1.629720454941900800e+16
8.340000000000000000e+04 1.606716556417433600e+16
8.380000000000000000e+04 1.584049437016064000e+16
8.420000000000000000e+04 1.562151922067046400e+16
8.460000000000000000e+04 1.540613359009792000e+16
8.500000000000000000e+04 1.519228824217190400e+16
8.540000000000000000e+04 1.498434310556876800e+16
8.580000000000000000e+04 1.477809984975667200e+16
8.620000000000000000e+04 1.455842998930636800e+16
8.660000000000000000e+04 1.409413221344870400e+16
8.700000000000000000e+04 1.413733475260825600e+16
8.740000000000000000e+04 1.378435930783744000e+16
8.780000000000000000e+04 1.360435400723660800e+16
8.820000000000000000e+04 1.362193223463731200e+16
8.860000000000000000e+04 1.343617221473075200e+16
8.900000000000000000e+04 1.326385705307340800e+16
8.940000000000000000e+04 1.308944863173017600e+16
8.980000000000000000e+04 1.291746579316736000e+16
9.020000000000000000e+04 1.275024124149760000e+16
9.060000000000000000e+04 1.257418086835814400e+16
9.100000000000000000e+04 1.242126285275136000e+16
9.140000000000000000e+04 1.226191097613516800e+16
9.180000000000000000e+04 1.210299718618316800e+16
9.220000000000000000e+04 1.194687244061900800e+16
9.260000000000000000e+04 1.176329641158246400e+16
9.300000000000000000e+04 1.164088984364646400e+16
9.340000000000000000e+04 1.148408005079859200e+16
9.380000000000000000e+04 1.110829081349324800e+16
9.420000000000000000e+04 1.114854754195865600e+16
9.460000000000000000e+04 1.107445183990988800e+16
9.500000000000000000e+04 1.091324775864729600e+16
9.540000000000000000e+04 1.077430395600896000e+16
9.580000000000000000e+04 1.066997920038912000e+16
9.620000000000000000e+04 1.054019173115494400e+16
9.660000000000000000e+04 1.041138619881881600e+16
9.700000000000000000e+04 1.028359266815180800e+16
9.740000000000000000e+04 1.015929255650918400e+16
9.780000000000000000e+04 1.003854706717491200e+16
9.820000000000000000e+04 9.899170009710592000e+15
9.860000000000000000e+04 9.753359628107776000e+15
9.900000000000000000e+04 9.680794545029120000e+15
9.940000000000000000e+04 9.567291981168640000e+15
9.980000000000000000e+04 9.452562130403328000e+15
1.002000000000000000e+05 9.341647284338688000e+15
2.000000000000000000e+05 1.189538437267456000e+15
4.000000000000000000e+05 1.473759139594240000e+14
6.000000000000000000e+05 4.320697673318400000e+13
8.000000000000000000e+05 1.805198871756800000e+13
1.000000000000000000e+06 9.169463672832000000e+12
1.200000000000000000e+06 5.269408710656000000e+12
1.400000000000000000e+06 3.298993373184000000e+12
1.600000000000000000e+06 2.198859022336000000e+12
